21032.00
21022.00
21019.54
20999.44
20998.28
20996.92
20955.05
20954.10
20944.00
20943.05
20933.03
20932.08
20889.80
20847.54
20805.64
20763.36
20721.46
20679.55
20637.59
20597.24
20556.05
20514.99
20474.34
20434.14
20393.49
20352.69
20311.73
20270.81
20229.81
20188.63
20147.66
20106.88
20065.68
20025.16
20004.97
19964.12
19923.27
19882.42
19842.22
19801.31
19761.12
19720.85
19679.96
19639.19
19598.52
19557.52
19516.94
19476.26
19435.65
19395.51
19355.17
19314.11
19273.40
19232.89
19192.12
19151.14
19110.53
19069.60
19028.80
18988.27
18947.66
18907.04
18866.42
18825.62
18784.75
18744.10
18703.42
18663.00
18622.50
18582.03
18541.26
18500.37
18459.70
18419.16
18378.66
18338.37
18297.57
18256.85
18216.06
18175.56
18134.86
18094.03
18052.98
18032.89
17991.97
17950.98
17910.25
17870.18
17829.99
17789.11
17748.11
17707.17
17666.41
17625.65
17585.94
17585.54
17545.09