20818
20816
20815
20810
20765
20763
20720
20677
20633
20590
20547
20506
20464
20419
20376
20332
20288
20244
20199
20156
20113
20078
20034
19990
19945
19901
19863
19819
19797
19753
19709
19665
19622
19577
19534
19491
19446
19403
19359
19316
19273
19229
19186
19142
19098
19053
19009
18967
18923
18879
18835
18793
18750
18706
18662
18619
18575
18531
18490
18445
18408
18364
18320
18276
18232
18189
18145
18101
18057
18013
17969
17924
17883
17840
17818
17774
17730
17685
17641
17596
17552
17509
17464
17419
17375
17332
17289
17246
17202
17158
17114
17070
17027
16982
16939
16895
16851
16806
16763
16720
16677
16641
16597
16555
16519
16474
16431
16387
16343
16299
16254
16210
16165
16121
16077
16034
15992
15951
15907
15863
15819
15797
15752
15708
15664
15620
15575
15531
15487
15444
15401
15357
15312
15269
15225
15182
15138
15094
15049
15005
14962
14917
14874
14829
14785
14742
14699
14656
14612
14568
14524
14479
14443
14399
14356
14315
14272
14227
14183
14139
14096
14053
14008
13965
13920
13877
13833
13791
13769
13726
13682
13638
13594
13550
13505
13461
13426
13382
13338
13294
13249
13206
13163
13119
13074
13030
12986
12941
12897
12853
12810
12766
12723
12678
12634
12591
12546
12503
12459
12415
12371
12334
12289
12245
12201
12158
12113
12069
12025
11981
11937
11895
11850
11806
11784
11744
11700
11656
11613
11569
11525
11481
11436
11392
11348
11304
11260
11216
11172
11128
11084
11040
10996
10952
10908
10865
10821
10776
10732
10687
10642
10596
10552
10507
10463
10417
10373
10326
10282
10238
10196
10153
10107
10063
10062
10056
10055
10052
10044
10000
9993
9990
